0.702
1.0
0.966
0.756
0.656
0.914
0.678
0.962
0.978
0.926
0.783
0.748
0.752
0.956
0.94
0.848
0.982
0.955
0.948
0.957
0.776
0.811
0.741
0.978
0.706
0.736
0.97
0.708
0.784
0.718
0.676
0.702
0.956
0.843
0.706
0.971
0.979
0.665
0.81
0.574
0.731
0.974
0.98
0.888
0.554
0.687
0.623
0.978
0.584
0.986
0.969
0.687
0.688
0.657
0.631
0.627
0.97
0.891
0.961
0.575
0.616
0.906
0.724
0.718
0.961
0.953
0.98
0.976
0.674
0.649
0.848
0.78
0.961
0.982
0.718
0.958
0.631
0.92
0.775
0.618
0.985
0.849
0.787
0.938
0.929
0.945
0.711
0.957
0.739
0.619
0.98
0.944
0.984
0.776
0.747
0.579
0.579
0.969
0.981
0.982
0.674
0.778
0.622
0.958
0.746
0.974
0.733
0.835
0.762
0.869
0.967
0.587
0.965
0.959
0.938
0.628
0.936
0.706
0.589
0.966
0.961
0.7
0.952
0.652
0.609
0.696
0.801
0.942
0.942
0.926
0.827
0.967
0.948
0.976
0.672
0.702
0.986
0.665
0.973
0.944
0.944
0.953
0.941
0.938
0.619
0.965
0.512
0.641
0.94
0.614
0.765
0.829
0.69
0.934
0.934
0.721
0.828
0.981
0.823
0.968
0.976
0.752
0.765
0.978
0.945
0.657
0.663
0.679
0.775
0.627
0.788
0.721
0.625
0.813
0.94
0.778
0.796
0.974
0.986
0.934
0.952
0.926
0.913
0.946
0.981
0.958
0.954
0.984
0.969
0.922
0.932
0.898
0.956
0.808
0.979
0.788
0.963
0.972
0.967
0.645
0.988
0.719
0.816
0.983
0.958
0.967
0.967
0.766
0.887
0.932
0.974
0.988
0.972
0.967
0.98
0.965
0.871
0.829
0.989
0.928
0.92
0.971
0.76
0.972
0.883
0.956
0.8
0.932
0.964
0.98
0.955
0.958
0.965
0.986
0.98
0.97
0.964
0.968
0.952
0.945
0.704
0.964
0.98
0.71
0.635
0.988
0.957
0.994
0.908
0.882
0.978
0.99
0.72
0.968
0.976
0.97
0.959
0.978
0.957
0.814
0.97
0.75
0.943
0.97
0.718
0.946
0.952
0.975
0.776
0.924
0.974
0.98
0.882
0.585
0.92
0.986
0.968
0.97
0.909
0.942
0.976
0.607
0.87
0.958
0.955
0.978
0.727
0.94
0.978
0.961
0.965
0.744
0.933
0.969
0.982
0.604
0.832
0.606
0.948
0.953
0.638
0.765
0.61
0.578
0.616
0.763
0.702
